584.7
584.6
584.6
584.7
584.7
584.8
584.9
584.9
611.9
661.6
661.2
661.5
661.6
661.3
661.5
661.5
661.7
661.6
661.5
661.8
661.5
661.5
662.1
661.7
661.7
662.0
661.6
661.8
662.1
661.8
661.9
662.0
661.9
662.1
662.1
662.2
662.0
662.0
662.5
662.2
662.1
662.5
662.1
662.2
662.6
662.2
662.4
662.5
662.3
662.5
662.6
662.7
662.6
662.5
662.8
662.7
662.7
663.0
662.6
662.7
663.0
662.7
662.8
663.1
662.8
662.9
663.1
663.0
663.0
662.9
663.1
663.0
663.1
663.4
663.0
663.1
663.5
663.2
671.7
671.3
662.2
662.6
663.0
663.1
663.2
663.3
663.4
663.4
663.5
663.7
663.5
663.5
663.9
663.5
663.7
664.0
663.6
663.6
663.9
663.8
663.9
663.9
663.9
663.9
663.9
664.1
664.0
664.1
664.3
664.0
664.1
664.5
664.1
664.2
664.6
664.3
664.5
664.7
664.5
664.6
664.6
664.6
664.7
664.6
664.7
664.5
664.5
665.0
664.7
664.6
665.0
664.6
664.8
665.4
664.9
665.0
665.2
664.9
670.1
669.6
669.0
668.4
668.0
667.8
667.3
667.0
667.0
666.5
666.2
666.6
666.0
665.9
666.1
665.5
665.5
665.8
665.4
665.4
665.4
665.3
665.5
665.4
665.5
665.4
665.3
665.5
665.4
665.3
665.7
665.3
665.3
665.8
665.3
665.3
665.6
665.3
665.4
665.5
665.4
665.5
665.4
665.5
665.4
665.3
665.6
665.3
665.3
665.6
665.3
665.3
665.7
665.3
665.3
665.6
665.4
665.5
665.5
665.5
665.4
665.5
665.6
665.4
665.5
665.7
665.5
665.5
665.9
665.5
665.5
665.7
665.5
665.6
653.5
588.8
588.8
589.0
589.0
589.0
588.9
588.9
588.8
589.0
589.0
589.0
588.9
588.9
589.0
589.0
588.9
588.9
588.8
588.8
589.0
588.9
588.9
588.9
588.8
588.7
588.8
588.8
588.7
588.7
588.6
588.7
588.9
589.2
589.4
589.6
589.8
590.1
590.1
589.8
589.7
589.4
589.5
589.3
589.4
589.5
589.5
589.6
589.7