595.9
595.8
595.7
595.6
595.5
595.6
595.6
595.5
595.5
595.5
595.6
595.5
595.4
595.4
595.4
595.4
595.4
595.4
595.4
595.5
595.5
595.6
595.5
595.5
595.5
624.9
708.1
707.9
707.4
707.1
707.0
706.6
706.4
706.5
706.3
706.1
706.1
706.0
706.0
706.1
705.9
705.8
705.9
705.9
705.9
706.0
706.1
706.0
706.0
706.2
706.3
706.4
706.5
707.0
707.6
707.9
707.9
707.7
707.6
707.6
707.7
707.7
707.8
707.7
707.7
707.8
707.9
707.9
707.9
707.8
707.9
708.2
708.0
708.0
708.2
708.0
708.1
708.4
708.2
708.3
708.5
708.3
708.6
708.8
708.6
708.7
709.0
708.7
708.8
709.1
709.0
709.1
709.3
709.2
709.2
709.5
709.3
709.2
709.5
709.5
709.5
709.7
709.5
709.6
710.0
709.8
709.8
710.1
709.9
709.9
710.4
710.1
710.1
710.4
710.3
710.3
710.6
710.4
710.3
710.7
710.5
710.6
697.2
602.2
602.0
601.9
601.9