591.9
591.7
591.6
591.4
597.8
592.7
592.4
592.2
592.1
591.9
591.8
622.7
684.8
684.9
685.0
685.3
685.5
685.7
685.6
686.0
685.8
686.1
686.0
686.2
686.1
686.3
686.3
686.4
686.7
686.9
687.1
687.1
687.3
687.5
687.7
687.5
687.8
687.6
687.7
687.7
687.9
687.8
687.8
687.8
688.0
688.1
688.1
688.2
688.1
688.4
688.3
688.6
688.4
688.7
688.5
688.7
688.6
688.7
688.7
688.7
688.9
689.0
689.1
689.1
689.4
689.2
689.7
689.4
689.6
689.4
689.5
689.4
689.6
689.6
689.5
689.6
689.6
689.9
689.8
690.0
689.9
690.1
689.9
690.1
689.9
690.0
689.9
690.0
690.2
690.2
690.3
690.2
690.4
690.2
690.6
690.3
690.6
690.4
690.5
690.4
690.5
690.4
690.4
690.5
690.4
690.7
690.6
690.9
690.7
691.0
690.9
691.1
690.9
691.0
690.9
690.9
691.0
691.0
691.1
691.0
691.2
691.1
691.4
691.3
691.6
691.4
691.6
691.4
691.5
691.4
691.3
691.3
618.4
597.1
596.9
596.8
596.7
596.7
596.8
596.7
596.5
596.4
596.2
596.1
596.2
596.2
596.0
595.9
595.8
595.8
595.8
595.6
595.5
595.5
595.5
595.5
607.3
597.1
597.0
597.1
597.0
596.7
596.4
596.2
596.1
595.9
595.8
595.6
595.5
595.4
595.3
595.3
595.2
595.1
595.0
594.9
594.8
594.8
594.7
594.7
594.6
594.6
594.6
594.6
594.6
594.5
594.5
594.4
594.5
594.4
594.4
594.3
594.4
594.4
594.5
594.4
594.3
594.3
594.2
594.3
