588.2
588.3
588.3
612.7
674.1
674.0
674.3
674.2
674.4
674.4
674.5
674.7
674.9
675.1
675.0
675.2
675.0
675.1
675.2
675.3
675.4
675.4
675.7
675.6
675.8
675.6
675.7
675.7
675.8
676.1
676.1
676.4
676.2
676.4
676.3
676.4
676.3
676.4
676.6
676.5
677.0
676.6
676.8
676.7
676.7
676.9
677.0
677.2
677.0
677.2
677.0
677.3
677.2
677.2
677.3
677.3
677.6
677.5
677.7
677.4
677.6
677.4
677.6
677.7
677.7
677.8
677.6
677.9
677.7
677.8
684.6
684.6
684.2
683.8
683.7
677.1
677.4
677.3
677.6
677.7
677.8
678.1
678.0
678.4
678.2
678.4
678.2
678.3
678.2
678.3
678.6
678.5
678.8
678.5
678.7
678.7
678.7
678.7
678.7
678.9
678.8
679.2
678.9
679.1
678.9
679.0
679.3
679.4
679.6
679.4
679.6
679.3
679.6
679.5
679.6
679.6
679.6
679.8
679.7
679.8
679.4
679.5
679.4
679.5
679.6
679.6
679.8
679.6
679.9
679.5
679.6
679.5
679.5
679.7
679.8
680.1
679.9
680.1
679.8
680.0
680.6
680.8
680.7
680.6
680.7
680.5
680.5
680.2
680.2
598.6
593.5
593.4
593.3
593.2
593.2
593.1
593.1
593.0
593.0
592.9
592.8
592.8
592.7
592.6
592.6
592.5
592.4
