585.5
585.5
653.0
665.8
665.9
666.4
666.1
666.3
666.5
666.5
666.7
666.7
666.8
667.2
666.9
667.0
667.2
667.3
667.5
667.3
667.3
667.6
667.6
667.7
667.6
667.7
668.1
667.8
667.9
668.0
668.0
668.2
667.9
668.1
668.4
668.2
668.3
668.4
668.6
669.1
668.9
668.9
669.1
669.0
669.3
669.0
669.0
669.3
669.1
669.1
669.2
669.2
669.5
669.1
669.0
669.4
669.2
669.2
669.0
669.1
669.5
669.2
669.2
669.3
669.3
669.4
669.3
669.3
669.7
669.4
669.5
669.4
669.6
669.9
669.7
669.7
669.9
670.0
670.0
669.8
669.8
670.1
669.8
670.0
669.9
669.9
670.1
669.8
669.9
670.1
670.0
670.1
669.9
670.0
670.4
670.1
670.1
670.2
670.2
670.5
670.3
670.3
670.5
670.4
670.5
670.4
670.6
671.0
670.6
670.7
670.8
670.9
671.1
670.7
670.8
671.0
671.0
671.0
670.8
670.8
671.2
670.8
670.8
671.0
670.9
671.0
670.7
670.9
671.1
670.8
670.8
670.8
670.8
671.2
670.8
670.7
670.9
670.8
671.1
670.8
670.9
671.2
670.9
670.9
671.1
671.1
671.3
670.9
671.0
671.4
671.2
671.3
671.0
671.2
671.4
671.3
671.3
671.3
671.3
671.5
671.3
671.3
671.6
671.4
671.5
671.3
671.5
671.9
671.5
671.5
604.4
604.0
598.2
597.8
597.5
597.2
591.7
591.6
591.4
591.3
591.1
591.2